V 54
K 1
D 0 -1270000 4572000 1270000
Y 1
U 4191000 1270000 254000 0 2 3 REFDES=J?
U 4191000 1016000 254000 0 2 3 DEVICE=MDM-25PBSP
U 4191000 762000 254000 0 2 0 PKG_TYPE=MDM25PBSP
U 4191000 508000 254000 0 2 0 Description=D-Sub Micro-D Connectors MICRO 25 M PC JACKP
U 4191000 254000 254000 0 2 0 Datasheet Link=https://ittcannon.canto.com/direct/document/863c6k08rd7hd54715eqt9le2o/tZR72R4vbF_tKN-i-3jkBf1AQkY/original?content-type=application%2Fpdf&name=ITT-Cannon-Microminiature-Connectors-Catalog.pdf
U 4191000 0 254000 0 2 0 Height=13.74
U 4191000 -254000 254000 0 2 0 Mouser Part Number=965-MDM-25PBSP
U 4191000 -508000 254000 0 2 0 Mouser Price/Stock=https://www.mouser.co.uk/ProductDetail/ITT-Cannon/MDM-25PBSP?qs=%2FPVulymFwT3mrCwbZuIR5w%3D%3D
U 4191000 -762000 254000 0 2 0 Manufacturer_Name=ITT CANNON
U 4191000 -1016000 254000 0 2 0 Manufacturer_Part_Number=MDM-25PBSP
U 0 0 254000 0 1 0 FORWARD_PCB=1
l 5 508000 762000 4064000 762000 4064000 -762000 508000 -762000 508000 762000
|GRPHSTL -1 -1 -1 1
P 1 762000 1270000 762000 762000 0 0 0
L 762000 685800 228600 1 8 0 1 0 1
A 711200 914400 203200 1 3 3 #=1
A 0 0 9 0 3 0 PINTYPE=BI
P 2 1016000 1270000 1016000 762000 0 0 0
L 1016000 685800 228600 1 8 0 1 0 2
A 965200 914400 203200 1 3 3 #=2
A 0 0 9 0 3 0 PINTYPE=BI
P 3 1270000 1270000 1270000 762000 0 0 0
L 1270000 685800 228600 1 8 0 1 0 3
A 1219200 914400 203200 1 3 3 #=3
A 0 0 9 0 3 0 PINTYPE=BI
P 4 1524000 1270000 1524000 762000 0 0 0
L 1524000 685800 228600 1 8 0 1 0 4
A 1473200 914400 203200 1 3 3 #=4
A 0 0 9 0 3 0 PINTYPE=BI
P 5 1778000 1270000 1778000 762000 0 0 0
L 1778000 685800 228600 1 8 0 1 0 5
A 1727200 914400 203200 1 3 3 #=5
A 0 0 9 0 3 0 PINTYPE=BI
P 6 2032000 1270000 2032000 762000 0 0 0
L 2032000 685800 228600 1 8 0 1 0 6
A 1981200 914400 203200 1 3 3 #=6
A 0 0 9 0 3 0 PINTYPE=BI
P 7 2286000 1270000 2286000 762000 0 0 0
L 2286000 685800 228600 1 8 0 1 0 7
A 2235200 914400 203200 1 3 3 #=7
A 0 0 9 0 3 0 PINTYPE=BI
P 8 2540000 1270000 2540000 762000 0 0 0
L 2540000 685800 228600 1 8 0 1 0 8
A 2489200 914400 203200 1 3 3 #=8
A 0 0 9 0 3 0 PINTYPE=BI
P 9 2794000 1270000 2794000 762000 0 0 0
L 2794000 685800 228600 1 8 0 1 0 9
A 2743200 914400 203200 1 3 3 #=9
A 0 0 9 0 3 0 PINTYPE=BI
P 10 3048000 1270000 3048000 762000 0 0 0
L 3048000 685800 228600 1 8 0 1 0 10
A 2997200 914400 203200 1 3 3 #=10
A 0 0 9 0 3 0 PINTYPE=BI
P 11 3302000 1270000 3302000 762000 0 0 0
L 3302000 685800 228600 1 8 0 1 0 11
A 3251200 914400 203200 1 3 3 #=11
A 0 0 9 0 3 0 PINTYPE=BI
P 12 3556000 1270000 3556000 762000 0 0 0
L 3556000 685800 228600 1 8 0 1 0 12
A 3505200 914400 203200 1 3 3 #=12
A 0 0 9 0 3 0 PINTYPE=BI
P 13 3810000 1270000 3810000 762000 0 0 0
L 3810000 685800 228600 1 8 0 1 0 13
A 3759200 914400 203200 1 3 3 #=13
A 0 0 9 0 3 0 PINTYPE=BI
P 14 762000 -1270000 762000 -762000 0 1 0
L 762000 -685800 228600 1 2 0 1 0 14
A 711200 -914400 203200 1 9 3 #=14
A 0 0 9 0 3 0 PINTYPE=BI
P 15 1016000 -1270000 1016000 -762000 0 1 0
L 1016000 -685800 228600 1 2 0 1 0 15
A 965200 -914400 203200 1 9 3 #=15
A 0 0 9 0 3 0 PINTYPE=BI
P 16 1270000 -1270000 1270000 -762000 0 1 0
L 1270000 -685800 228600 1 2 0 1 0 16
A 1219200 -914400 203200 1 9 3 #=16
A 0 0 9 0 3 0 PINTYPE=BI
P 17 1524000 -1270000 1524000 -762000 0 1 0
L 1524000 -685800 228600 1 2 0 1 0 17
A 1473200 -914400 203200 1 9 3 #=17
A 0 0 9 0 3 0 PINTYPE=BI
P 18 1778000 -1270000 1778000 -762000 0 1 0
L 1778000 -685800 228600 1 2 0 1 0 18
A 1727200 -914400 203200 1 9 3 #=18
A 0 0 9 0 3 0 PINTYPE=BI
P 19 2032000 -1270000 2032000 -762000 0 1 0
L 2032000 -685800 228600 1 2 0 1 0 19
A 1981200 -914400 203200 1 9 3 #=19
A 0 0 9 0 3 0 PINTYPE=BI
P 20 2286000 -1270000 2286000 -762000 0 1 0
L 2286000 -685800 228600 1 2 0 1 0 20
A 2235200 -914400 203200 1 9 3 #=20
A 0 0 9 0 3 0 PINTYPE=BI
P 21 2540000 -1270000 2540000 -762000 0 1 0
L 2540000 -685800 228600 1 2 0 1 0 21
A 2489200 -914400 203200 1 9 3 #=21
A 0 0 9 0 3 0 PINTYPE=BI
P 22 2794000 -1270000 2794000 -762000 0 1 0
L 2794000 -685800 228600 1 2 0 1 0 22
A 2743200 -914400 203200 1 9 3 #=22
A 0 0 9 0 3 0 PINTYPE=BI
P 23 3048000 -1270000 3048000 -762000 0 1 0
L 3048000 -685800 228600 1 2 0 1 0 23
A 2997200 -914400 203200 1 9 3 #=23
A 0 0 9 0 3 0 PINTYPE=BI
P 24 3302000 -1270000 3302000 -762000 0 1 0
L 3302000 -685800 228600 1 2 0 1 0 24
A 3251200 -914400 203200 1 9 3 #=24
A 0 0 9 0 3 0 PINTYPE=BI
P 25 3556000 -1270000 3556000 -762000 0 1 0
L 3556000 -685800 228600 1 2 0 1 0 25
A 3505200 -914400 203200 1 9 3 #=25
A 0 0 9 0 3 0 PINTYPE=BI
P 26 0 0 508000 0 0 2 0
L 584200 0 228600 0 2 0 1 0 MH1
A 355600 50800 203200 0 9 3 #=MH1
A 0 0 9 0 3 0 PINTYPE=BI
P 27 4572000 0 4064000 0 0 3 0
L 3987800 0 228600 0 8 0 1 0 MH2
A 4216400 50800 203200 0 3 3 #=MH2
A 0 0 9 0 3 0 PINTYPE=BI
E
